Heure actuelle : 16:04:19
 1  2  3  9  4  5  6  7 10  8
 1  3  9  8 40  5  6  4  7  2
 1  2  3 10  9  7  8  6  4  5
 9  4  2  5  3 10  1  6  8  7
10  9  8  7  6  5  4  3  2  1
 3  2  6  8  5  9  1  4 10  7
 1  2  3  4  5  6  7  8  9 10
 5  8  1  9  2 10  6  7  4  3
 7  1  8  3  5  2  9 10  4  6
 2  3  1  8  9  6  7  5 40  4
 4  5  6  3  7  2  8  1  9 10
10  3  2  8  4  9  1  5  6  7
 1  7  6 10  5  9  8  4  2  3
 4  3  8 10  6  1  9  5  7  2
 8  2  3 10  4  9  5  6  7  1
 1  2 10  9  3  5  6  4  7  8
 2  7  5 10  6  4  3  8  9  1
 7  8  5  9  4  3  1  2 10  6
10  1  5  8  7  2  6  9  3  4
 3 10  9  2  7  8  6  1  5  4
 5  2  6 10  1  9  8  3  4  7
 4  3 10  9  8  7  2  1  6  5
 6  4  3  1  5  7  9  8  2 40
10  9  4  7  5  1  2  6  8  3
 5  1  9 10  6  7  3  4  8  2
10  1  8  4  9  7  2  3  6  5
 8  9 10  7  4  6  2  1  5  3
 1  8  9  3  5  2  6  4 40  7
 3  4  5 10  2  9  6  7  1  8
 1  5  2  4  8  6  7  3  9 40
 2  3  8  9  1  7  5  4 10  6
 5  7  8  4  6  1 10  9  3  2
 1  2  3  8  5 10  4  7  6  9
 5  7  9  8  6  1  3  2 10  4
 1  6  2  3  8 10  9  7  5  4
 9  7  3  4  5  6  1  2  8 10
 3  9  2  8  6  5  1  4 40  7
 9 10  6  7  3  4  1  2  8  5
 1  5  7  3  6  8  4 10  9  2
